ans =

                     0           444944406.2

ans =

                     0       20296.073083782

ans =

                     0           443600445.6

ans =

                     0      8518.39939581766

ans =

                     0           443617917.4

ans =

                     0      14333.3461798392

ans =

                     0             453976283

ans =

                     0      19840.1475352937

ans =

                     0             436918747

ans =

                     0      24601.4823311297

ans =

                     0           438292763.3

ans =

                     0      29307.5824775395

ans =

                     0           476745465.1

ans =

                     0      10584.6963578975

ans =

                     0           448344432.5

ans =

                     0      9497.24129828119

ans =

                     0           448791346.7

ans =

                     0      7625.64777649159

