ans =

                     0           445859423.9

ans =

                     0      15160.2697824866

ans =

                     0           443585472.1

ans =

                     0      13018.7337705665

ans =

                     0           443619928.3

ans =

                     0      15113.5702896437

ans =

                     0           452796777.7

ans =

                     0      26448.5288817944

ans =

                     0           435893729.9

ans =

                     0      12973.6102698259

ans =

                     0           438294899.3

ans =

                     0       18268.450551885

ans =

                     0           477596739.7

ans =

                     0      13567.2074998669

ans =

                     0             448326509

ans =

                     0      12500.0453776954

ans =

                     0             448799407

ans =

                     0      7548.75352477333

