ans =

                     0           442078609.3

ans =

                     0       9028.4044985196

ans =

                     0           438560367.6

ans =

                     0      19510.9403680203

ans =

                     0           439395335.4

ans =

                     0      14894.2771052807

ans =

                     0           453212980.7

ans =

                     0      13936.1320159744

ans =

                     0           437173766.5

ans =

                     0      16407.1142377662

ans =

                     0           437286490.7

ans =

                     0      33948.1032068722

ans =

                     0           477155283.6

ans =

                     0      19364.3236000871

ans =

                     0           448207372.3

ans =

                     0      18917.2522026852

ans =

                     0           447507274.1

ans =

                     0      19776.5755458882

