ans =

                     0           442089096.2

ans =

                     0      12907.7661274134

ans =

                     0           438568213.4

ans =

                     0      17248.0404310493

ans =

                     0             439404987

ans =

                     0      13663.7579018365

ans =

                     0           453212758.7

ans =

                     0      12024.8360677207

ans =

                     0           437181104.6

ans =

                     0      18559.5384413394

ans =

                     0             438501157

ans =

                     0       17137.935730744

ans =

                     0           478142609.8

ans =

                     0      8751.33253091589

ans =

                     0           448205898.6

ans =

                     0      16625.6962507506

ans =

                     0           447477908.3

ans =

                     0      8703.59265603706

