ans =

                     0           211744531.5

ans =

                     0      643627.219572574

ans =

                     0           208360954.7

ans =

                     0      163537.654781229

ans =

                     0           208334321.7

ans =

                     0      14584.8708983735

ans =

                     0           312127789.3

ans =

                     0      14578.3148168778

ans =

                     0           199001781.9

ans =

                     0      57895.9255685004

ans =

                     0           200655747.6

ans =

                     0      31399.7239626933

ans =

                     0           330358156.5

ans =

                     0      6312.42177949337

ans =

                     0           208023111.1

ans =

                     0      234428.409673614

ans =

                     0           207492388.2

ans =

                     0      128430.007047332

