ans =

                     0           212227975.2

ans =

                     0      943746.832821741

ans =

                     0           209190000.1

ans =

                     0      148285.718342402

ans =

                     0           208344325.6

ans =

                     0      14490.2972302925

ans =

                     0           312134635.5

ans =

                     0      17325.3627779879

ans =

                     0           198996714.8

ans =

                     0      64649.1809259792

ans =

                     0           200627438.1

ans =

                     0      8990.31075287909

ans =

                     0           330349879.8

ans =

                     0      5646.08554270616

ans =

                     0           208363217.1

ans =

                     0      357481.608349747

ans =

                     0           208366036.9

ans =

                     0      369825.051936258

