ans =

                     0           460078633.1

ans =

                     0      8437.41506558074

ans =

                     0           460711941.6

ans =

                     0      8903.75944568735

ans =

                     0           460755491.8

ans =

                     0      9280.25740543392

ans =

                     0           515127173.7

ans =

                     0      5826.19319300538

ans =

                     0           441844057.7

ans =

                     0      21961.9365876003

ans =

                     0           437684072.5

ans =

                     0      14248.8437289175

ans =

                     0           613259377.6

ans =

                     0      12262.7431696356

ans =

                     0           434854766.8

ans =

                     0      7209.22586073644

ans =

                     0           421227925.9

ans =

                     0      7764.83162084021

