ans =

                     0           234241431.7

ans =

                     0      53017.5798120041

ans =

                     0           247014755.2

ans =

                     0      450210.163531261

ans =

                     0           246863833.1

ans =

                     0      11194.4119437631

ans =

                     0           318730913.6

ans =

                     0      9517.33435135887

ans =

                     0           233915115.9

ans =

                     0      10726.4269545413

ans =

                     0           236548816.6

ans =

                     0      11283.8785412345

ans =

                     0           331783177.8

ans =

                     0      17489.8840527254

ans =

                     0           246972764.2

ans =

                     0      449528.979035415

ans =

                     0           256821470.2

ans =

                     0      554269.862481726

