ans =

                     0             234206907

ans =

                     0      34268.3157223177

ans =

                     0             247258555

ans =

                     0      570574.438962272

ans =

                     0           246269546.9

ans =

                     0      8637.25328575133

ans =

                     0           319506225.5

ans =

                     0      12498.6312872872

ans =

                     0           233918045.4

ans =

                     0      8477.13249735887

ans =

                     0           235993390.1

ans =

                     0       17965.742131129

ans =

                     0           331779080.4

ans =

                     0      20078.7326857714

ans =

                     0           246758035.7

ans =

                     0      524562.087674207

ans =

                     0           257124075.8

ans =

                     0      730580.751063426

