ans =

                     0           489221225.4

ans =

                     0       12024.301524644

ans =

                     0           490727245.9

ans =

                     0       14094.185234817

ans =

                     0           489913326.5

ans =

                     0      15514.2331442955

ans =

                     0           518930199.9

ans =

                     0      21290.2574456017

ans =

                     0           445318119.9

ans =

                     0      11038.8308303008

ans =

                     0           439551477.8

ans =

                     0      21230.0418422155

ans =

                     0           617067677.3

ans =

                     0      9435.91316961133

ans =

                     0           433837121.6

ans =

                     0      10964.5032435481

ans =

                     0           420404036.9

ans =

                     0      16142.4898220676

